104240
1 10
2 2
3 18
5 1
7 5
8 15
9 22
10 6
12 20
13 24
15 2
17 10
19 21
24 14
26 79
124 2
125 4
247 10
351 2
571 1
646 4
694 5
701 5
704 11
706 1
942 8
1115 1
1155 1
1196 4
1203 5
1209 1
1241 3
1252 8
1554 3
1654 1
1674 2
1718 6
1766 9
1787 3
1804 9
1879 2
1941 10
2034 3
2090 6
2118 1
2161 4
2233 4
2343 2
2401 10
2407 1
2552 4
2818 18
3019 4
3025 6
3026 5
3027 1
3253 10
3309 2
3334 10
3338 5
3425 4
3648 9
3724 5
3741 11
3748 7
3989 4
4005 1
4145 1
4149 3
4159 2
4321 1
4412 1
4454 4
4488 1
4515 1
4528 8
4535 2
4606 7
4608 9
4618 1
4621 5
4626 2
4775 10
4832 4
5039 4
5197 1
5219 6
5235 1
5273 5
5380 5
5583 3
5634 7
5646 1
5649 11
5656 3
5676 1
5710 10
5720 1
5867 9
5915 1
6056 3
6178 4
6339 1
6387 10
6429 1
6441 2
6606 21
6628 3
6762 2
6973 15
7021 10
7146 5
7158 1
7323 6
7330 1
7360 9
7401 9
7438 1
7473 3
7612 1
7622 1
7715 1
7740 11
7799 1
7827 6
7834 4
7868 1
7869 4
8165 1
8167 4
8169 16
8216 4
8427 14
8455 1
8482 12
8498 11
8523 3
8537 9
8545 1
8673 2
8695 1
8748 2
8773 1
8898 9
9115 2
9413 1
9475 1
9512 2
9563 9
9768 1
9913 6
10026 9
10042 11
10080 8
10099 4
10123 5
10258 4
10319 4
10349 1
10440 3
10443 2
10526 8
10745 5
10854 7
10912 4
11134 9
11309 9
11310 9
11316 2
11377 1
11384 5
11512 9
11548 2
11570 1
11698 1
11852 7
12029 9
12138 1
