45668
0 3
4 5
5 1
8 7
10 8
12 1
13 2
29 2
30 1
32 1
39 5
42 5
46 1
57 2
64 3
68 5
69 1
80 1
86 9
89 3
91 5
92 1
94 1
98 1
116 2
117 4
118 2
119 7
126 7
127 5
132 5
140 5
149 3
153 3
160 8
183 6
186 2
191 9
192 2
194 4
218 1
219 5
220 2
222 1
229 2
233 8
246 4
249 4
268 7
275 3
276 1
278 2
279 6
281 1
283 8
302 5
307 9
312 9
317 1
330 5
337 3
346 3
352 1
353 5
354 3
362 3
365 6
373 5
380 8
386 2
394 7
399 2
418 4
421 5
425 4
435 6
436 3
438 3
442 9
450 5
463 4
468 1
469 5
475 4
480 1
481 2
483 1
485 4
491 7
494 8
510 3
513 8
514 1
515 6
516 4
517 4
535 2
539 1
541 4
544 1
546 2
547 2
548 3
549 9
564 7
569 3
572 5
588 2
594 3
603 1
608 2
613 4
614 5
622 7
623 6
625 1
647 7
654 7
655 3
656 1
670 3
671 1
674 3
679 2
680 6
681 5
702 3
706 6
708 8
710 9
711 3
718 2
724 4
729 7
734 7
738 1
746 6
764 5
770 6
771 9
787 3
792 3
794 8
795 8
799 1
809 1
818 1
823 3
825 9
829 3
830 2
855 7
856 1
861 4
862 3
875 1
880 3
881 1
882 9
885 7
889 8
892 2
913 4
918 7
923 3
937 1
949 2
953 3
959 3
980 5
981 1
984 6
986 7
993 3
994 1
1013 4
1014 6
1031 4
1041 4
1051 3
1057 6
1070 3
1077 8
1078 5
1083 3
1086 3
1090 7
1092 1
1117 4
1121 4
1125 6
1127 3
1136 4
1142 6
1145 6
1168 6
1169 7
1175 2
1177 1
1196 8
1199 6
1201 1
1203 2
1204 5
1225 9
1228 5
1230 6
1233 7
1257 3
1260 8
1289 2
1293 3
1295 9
1297 1
1317 2
1324 6
1329 9
1330 1
1339 1
1343 4
1347 3
1360 4
1363 1
1373 6
1376 6
1392 7
1397 4
1406 9
1426 1
1429 3
1436 8
1456 7
1458 1
1460 2
1461 3
1480 1
1481 2
1482 4
1483 6
1486 5
1492 1
1503 5
1504 1
1505 8
1507 7
1514 5
1516 4
1536 5
1541 3
1544 3
1545 7
1565 9
1572 3
1577 1
1579 3
1594 6
1596 1
1598 1
1605 6
1606 2
1614 1
1619 2
1620 1
1626 6
1630 4
1631 2
1653 3
1663 8
1669 1
1674 1
1686 2
1689 6
1691 5
1702 3
1728 6
1729 6
1745 3
1746 7
1750 5
1754 6
1777 3
1779 5
1784 1
1799 4
1802 1
1803 2
1806 6
1808 3
1809 2
1819 2
1822 1
1827 2
1829 2
1830 3
1831 9
1832 3
1844 2
1845 3
1861 4
1863 3
1866 6
1868 1
1871 1
1876 2
1877 2
1880 1
1887 2
1891 4
1894 3
1920 1
1930 1
1931 6
1934 3
1938 2
1943 3
1953 4
1956 5
1959 7
1962 7
1963 1
1981 4
1984 7
1990 2
2005 3
2007 5
2010 7
2011 6
2015 5
2031 6
2036 2
2041 1
2046 2
2049 5
2053 2
2054 2
2060 2
2062 4
2065 2
2066 1
2069 4
2070 2
2076 4
2078 2
2080 8
2093 6
2094 2
2097 8
2100 5
2118 8
2120 8
2126 2
2128 6
2146 8
2147 7
2149 3
2150 5
2154 4
2155 3
2160 1
2169 4
2171 2
2173 1
2175 2
2177 2
2178 5
2179 2
2181 4
2191 5
2205 2
2206 7
2208 8
2230 1
2231 5
2247 3
2265 5
2274 9
2275 8
2293 4
2298 2
2299 4
2300 3
2305 4
2327 6
2335 9
2343 8
2353 8
2355 6
2360 2
2365 3
2375 4
2388 2
2390 2
2394 4
2407 4
2417 7
2444 6
2447 1
2450 7
2451 1
2452 2
2455 1
2462 7
2476 9
2477 5
2479 3
2481 2
2482 4
2502 5
2503 4
2504 2
2508 9
2509 3
2533 2
2535 9
2539 5
2548 1
2555 1
2558 4
2565 8
2578 9
2581 1
2585 3
2590 1
2594 1
2607 6
2608 9
2609 2
2612 1
2613 6
2615 2
2642 3
2672 4
2686 5
2703 2
2708 1
2710 6
2712 4
2716 8
2718 2
2733 1
2747 4
2748 7
2749 5
2752 2
2769 1
2770 3
2772 8
2775 1
2781 7
2798 3
2803 3
2828 4
2833 5
2834 7
2845 3
2851 1
2858 8
2859 4
2860 1
2861 9
2880 2
2881 3
2883 2
2884 4
2887 7
2890 1
2909 1
2911 1
2915 3
2918 2
2921 1
2927 1
2933 4
2939 4
2942 2
2946 8
2948 1
2952 7
2955 1
