9544
0 7
1 3
3 1
4 1
5 7
6 7
9 6
10 8
12 6
13 4
14 8
15 4
93 4
122 5
162 8
186 1
232 3
308 1
318 1
330 3
345 1
352 1
374 6
377 1
398 2
416 4
419 2
421 7
478 2
506 2
528 1
531 1
539 1
540 2
541 3
557 1
662 2
733 7
758 1
847 2
861 3
866 1
918 3
922 1
939 1
965 1
974 3
1033 1
1087 4
1092 4
1248 1
1279 2
1299 1
1387 7
1402 1
1450 7
1470 1
1473 2
1496 2
1522 5
1523 1
1542 2
1569 4
1578 3
1581 1
1588 1
1681 4
1763 1
1785 1
1789 3
1833 1
1841 1
1894 3
1971 1
1987 1
1996 6
2012 5
2035 4
2051 1
2062 1
2079 1
2090 2
2095 1
2135 2
2158 1
2164 1
2192 1
2218 3
2219 1
2227 4
2236 2
2241 2
2244 4
2273 1
2301 3
2304 1
2336 2
2338 2
2348 3
2355 2
2401 2
2418 2
2445 2
2494 1
2525 1
2533 7
2537 1
2609 1
2620 3
2640 3
2647 1
2721 1
2782 7
