9796
0 7
1 3
3 1
4 1
5 7
6 7
9 6
10 8
12 6
13 4
14 8
15 4
93 4
122 5
162 8
186 1
232 3
308 1
318 2
330 2
345 1
352 1
374 3
377 4
390 1
398 1
419 3
421 7
447 1
478 2
515 4
539 2
540 2
541 2
557 1
623 4
662 2
696 1
733 7
758 1
843 1
847 2
861 3
866 2
918 3
922 1
939 2
974 3
977 1
1033 1
1074 3
1087 6
1092 2
1248 1
1279 1
1299 2
1387 7
1389 7
1450 7
1454 1
1470 1
1473 3
1522 5
1523 1
1542 2
1569 4
1578 4
1581 1
1588 3
1681 4
1763 1
1775 1
1785 1
1789 2
1829 2
1841 1
1894 2
1971 1
1987 3
1996 4
2012 5
2035 4
2051 3
2062 3
2079 3
2090 1
2095 2
2135 2
2164 1
2166 1
2171 2
2219 3
2227 5
2241 4
2244 4
2287 1
2301 2
2304 2
2336 3
2338 1
2348 3
2355 1
2401 1
2417 1
2418 2
2430 1
2445 2
2525 3
2533 7
2537 1
2609 1
2620 3
2639 1
2640 1
2647 1
2678 1
2721 3
2782 7
