51230
0 3
1 1
2 1
3 4
4 5
5 2
8 3
10 8
11 3
13 2
29 2
30 1
31 1
34 2
38 1
39 5
42 5
46 1
57 2
60 2
64 3
68 5
80 1
86 5
89 5
91 5
92 1
93 3
94 1
98 1
116 2
117 4
119 7
121 3
126 7
127 5
132 5
140 7
144 1
149 3
153 5
160 8
170 3
183 6
191 9
192 2
194 6
218 1
219 5
220 2
222 1
229 2
233 8
240 1
243 4
246 4
247 1
249 4
259 2
260 1
268 7
275 4
276 1
278 2
279 6
281 1
283 7
302 1
305 3
306 2
307 9
312 9
317 6
328 1
330 5
331 4
345 3
346 3
352 1
353 5
354 3
362 3
364 2
365 6
373 5
380 7
386 3
388 1
391 2
394 7
399 2
407 2
414 4
419 1
421 5
425 2
426 1
435 6
436 2
438 7
442 8
450 2
463 7
467 3
468 4
469 5
475 4
478 1
480 1
481 2
483 1
485 4
492 7
494 8
513 8
514 1
515 6
516 4
519 1
520 8
535 2
540 1
541 4
544 1
546 2
547 2
548 3
549 9
563 2
564 7
569 5
572 5
574 2
579 1
588 1
592 3
594 2
608 8
613 4
614 5
616 4
622 5
623 3
624 5
625 1
641 4
647 8
654 7
655 3
660 5
670 3
671 1
674 3
677 3
679 3
680 5
681 5
702 3
706 6
708 8
710 9
711 3
715 5
724 4
725 5
729 7
734 7
738 2
746 9
763 3
764 4
769 2
770 6
771 9
787 6
792 3
794 7
795 4
799 7
809 2
818 2
823 5
825 7
829 3
830 3
855 8
861 6
862 1
868 4
873 2
875 1
876 1
881 1
882 9
883 3
884 2
885 1
888 1
889 8
892 2
913 4
916 2
918 8
923 3
937 1
945 1
949 2
953 3
959 3
967 1
969 1
971 3
980 5
984 6
986 7
993 3
994 2
1013 4
1014 6
1027 2
1031 7
1041 5
1051 4
1053 2
1055 1
1057 6
1070 7
1076 3
1077 8
1078 5
1080 1
1086 3
1090 7
1091 7
1092 1
1099 1
1103 3
1117 4
1121 4
1122 1
1125 6
1126 2
1127 4
1136 7
1137 2
1142 6
1145 4
1167 6
1168 6
1169 8
1175 1
1177 1
1184 2
1196 7
1197 1
1199 6
1201 1
1203 2
1204 5
1211 1
1225 9
1227 2
1228 5
1230 2
1233 7
1257 5
1260 8
1263 1
1273 1
1277 1
1293 3
1295 9
1297 1
1299 2
1307 2
1317 5
1324 5
1329 9
1330 2
1339 2
1340 1
1343 5
1357 1
1360 4
1363 3
1364 1
1373 5
1375 9
1376 5
1384 3
1392 5
1397 9
1406 9
1413 2
1423 3
1426 1
1429 3
1435 3
1436 3
1444 3
1456 7
1458 2
1460 2
1461 3
1478 2
1480 1
1481 2
1482 4
1483 7
1486 2
1492 1
1503 3
1505 8
1507 7
1514 4
1516 4
1519 3
1522 2
1524 4
1536 6
1541 3
1544 3
1545 7
1565 9
1572 3
1576 1
1577 1
1579 3
1594 6
1596 1
1598 3
1602 2
1605 6
1606 2
1609 1
1614 1
1619 7
1620 1
1630 4
1631 2
1633 1
1638 1
1645 4
1653 2
1662 1
1663 8
1669 1
1674 5
1686 4
1689 6
1691 5
1702 3
1719 3
1726 1
1728 5
1729 3
1745 3
1746 7
1750 5
1752 5
1754 6
1756 2
1777 3
1779 3
1781 1
1797 4
1799 4
1802 2
1803 5
1806 6
1808 3
1809 2
1819 2
1822 2
1827 1
1829 2
1830 3
1831 9
1832 6
1844 3
1845 3
1857 4
1861 4
1863 2
1866 6
1868 1
1869 1
1871 1
1876 4
1877 1
1887 2
1891 4
1896 3
1910 1
1912 3
1920 1
1930 1
1931 6
1933 2
1934 3
1943 4
1947 2
1953 4
1954 1
1956 5
1959 7
1962 7
1963 1
1981 4
1984 7
1986 1
1990 2
2004 1
2005 2
2007 5
2009 1
2010 9
2011 5
2015 5
2027 2
2031 9
2034 1
2036 2
2039 2
2041 1
2046 2
2049 5
2054 3
2060 2
2062 4
2065 2
2066 1
2069 4
2070 2
2075 7
2076 4
2078 2
2080 1
2092 4
2093 2
2094 3
2096 1
2097 9
2100 5
2115 3
2118 8
2119 1
2120 6
2123 2
2126 3
2128 9
2129 1
2146 8
2147 7
2149 3
2150 5
2154 4
2155 3
2160 1
2161 2
2169 4
2173 1
2175 2
2176 4
2177 2
2178 5
2179 2
2181 4
2188 1
2191 6
2205 7
2206 6
2208 5
2215 4
2218 1
2230 1
2231 4
2232 2
2247 3
2265 7
2274 9
2275 8
2281 1
2293 5
2298 2
2299 4
2300 5
2305 4
2319 2
2321 1
2327 7
2335 9
2343 8
2353 8
2355 6
2360 1
2365 3
2375 3
2379 1
2388 2
2390 2
2394 4
2407 6
2417 9
2444 6
2447 1
2448 1
2450 7
2451 1
2452 2
2455 1
2462 3
2476 9
2477 5
2481 2
2485 7
2502 5
2503 4
2504 2
2508 9
2509 3
2533 2
2535 9
2536 1
2539 4
2548 1
2555 1
2558 1
2561 3
2565 8
2575 2
2578 4
2581 3
2582 1
2585 3
2590 1
2594 3
2602 3
2607 6
2608 9
2609 2
2612 1
2613 6
2615 2
2642 3
2655 1
2672 4
2682 2
2686 5
2703 2
2708 2
2710 6
2711 2
2712 3
2716 8
2720 2
2733 1
2746 4
2747 4
2748 7
2749 1
2750 1
2752 2
2768 1
2770 1
2772 8
2775 6
2781 5
2798 1
2803 6
2815 1
2822 4
2828 3
2834 7
2840 5
2842 1
2845 3
2846 2
2851 1
2856 2
2858 8
2859 4
2860 1
2861 9
2863 1
2880 2
2881 2
2883 2
2884 4
2885 1
2887 7
2890 2
2908 4
2909 1
2911 1
2915 3
2918 2
2921 1
2927 1
2933 3
2939 4
2942 2
2946 8
2949 1
2952 7
2955 1
