104718
1 10
2 2
3 18
5 1
7 5
8 15
9 22
10 6
12 20
13 24
15 2
17 10
19 21
24 14
26 79
125 3
247 11
351 4
454 1
489 4
503 2
571 3
646 4
659 2
694 5
701 6
704 11
863 3
942 8
1168 2
1196 3
1203 7
1241 3
1252 8
1433 2
1456 1
1548 2
1654 1
1667 1
1674 2
1676 1
1718 3
1766 8
1787 3
1804 8
1825 2
1941 7
2034 2
2057 7
2090 1
2118 1
2122 2
2157 2
2161 4
2233 3
2343 4
2401 11
2471 2
2495 1
2552 2
2672 1
2817 1
2818 14
2921 2
3003 7
3019 4
3026 8
3027 2
3119 1
3177 2
3253 10
3309 7
3334 7
3338 8
3425 4
3449 1
3582 2
3648 9
3724 8
3741 8
3748 6
3756 4
3895 3
3972 1
3989 3
4005 1
4145 1
4149 2
4159 2
4163 3
4321 4
4401 3
4412 3
4454 4
4488 6
4515 1
4517 2
4528 8
4606 7
4608 9
4621 5
4626 3
4677 2
4731 1
4775 7
4832 4
5039 4
5197 6
5219 3
5273 8
5380 8
5447 3
5465 3
5469 4
5583 4
5634 8
5649 7
5656 3
5667 4
5676 6
5710 10
5867 9
6008 4
6054 2
6066 2
6178 4
6380 1
6387 3
6455 2
6475 1
6606 21
6628 3
6973 15
6989 1
7021 10
7158 6
7330 6
7360 9
7389 1
7401 8
7431 3
7438 1
7473 3
7622 2
7715 2
7740 7
7827 3
7834 4
7868 1
7869 4
8067 1
8165 4
8167 3
8169 14
8216 3
8333 1
8417 1
8427 14
8455 3
8482 12
8498 11
8523 12
8537 1
8545 1
8673 7
8773 3
8898 9
9115 1
9210 2
9413 1
9563 9
9679 4
9768 1
9878 2
9913 6
10026 8
10049 7
10080 8
10099 1
10123 8
10149 1
10214 2
10258 4
10280 4
10319 4
10334 3
10349 3
10436 1
10438 1
10443 4
10526 8
10587 1
10745 7
10854 7
10912 4
11020 3
11134 8
11304 2
11309 9
11310 1
11315 4
11318 3
11319 1
11377 2
11384 5
11390 1
11512 9
11548 4
11698 1
11852 7
11996 1
12029 7
12138 2
12166 1
